          0.30000000          0.60000000          0.30000000         -0.48906553         -5.63374000          0.00000000        -69.59626667          8.08073333         -0.00298330         -0.03436581        283.15200000          4.09068824          9.44204028          0.00000000          1.00000000          0.00000000          1.00000000          0.10934800          0.21907867          0.50434667          0.00000000          1.00000000          0.00000000
          0.90000000          1.20000000          0.60000000         -1.75446000         -5.48682667         -0.00000000        -69.59626667          8.08073333         -0.01070221         -0.03346964        283.14900000          2.98017678          7.06373313          0.68159000          1.00581933         -0.12506293          0.98521553          0.10335413          0.26251867          0.56903067          0.00000000          0.26166267         -0.03041060
          1.50000000          1.80000000          1.20000000         -1.77244000         -5.44218000         -0.00000000         -0.98938313          2.45515667         -0.01081188         -0.03319730        283.14900000          2.06718311          5.37674351          1.52974000          1.00713393         -0.22284366          0.96785338          0.12449467          0.23534600          0.50756600          0.00000000          0.03595527         -0.02670299
          2.10000000          2.40000000          1.80000000         -1.94117333         -5.35158000          0.00000000         -9.28120667          4.98386000         -0.01184116         -0.03264464        283.14900000          1.79270609          4.31839150          2.18600000          1.01145927         -0.30913940          0.95219247          0.13403400          0.25709667          0.60538133          0.00000000          0.03351527         -0.03000473
          2.70000000          3.00000000          2.40000000         -1.92696667         -5.30373333         -0.00000000          0.78175067          2.63055467         -0.01175450         -0.03235277        283.14900000          1.54737280          3.61134606          2.66894667          1.01359936         -0.38406587          0.93500094          0.14959200          0.24336200          0.59968467          0.00000000         -0.00021731         -0.02519720
          3.30000000          3.60000000          3.00000000         -1.97136000         -5.24008667          0.00000000         -2.44145067          3.50070000         -0.01202530         -0.03196453        283.14900000          1.41023308          3.10062506          3.00732000          1.01436214         -0.45291547          0.91728092          0.16086200          0.24972867          0.67096867          0.00000000          0.00230414         -0.02479480
          3.90000000          4.20000000          3.60000000         -1.95641333         -5.18756667         -0.00000000          0.82112333          2.88883333         -0.01193412         -0.03164416        283.14900000          1.29881354          2.66608541          3.24489333          1.01346155         -0.51266333          0.89765056          0.17969600          0.23660800          0.64890600          0.00000000         -0.00976578         -0.02094133
          4.50000000          4.80000000          4.20000000         -1.97122667         -5.12349333          0.00000000         -0.81423333          3.52429333         -0.01202448         -0.03125331        283.14900000          1.23561876          2.35301606          3.39620000          1.01204922         -0.56352927          0.87619802          0.19668400          0.23092600          0.66296867          0.00000000         -0.01036945         -0.02706593
          5.10000000          5.40000000          4.80000000         -1.95914667         -5.04792000         -0.00000000          0.66472133          4.15698000         -0.01195079         -0.03079231        283.14900000          1.19277101          2.12297034          3.47407333          1.00887580         -0.60468853          0.85328705          0.21463600          0.22145000          0.63809333          0.00000000         -0.01846087         -0.03446720
          5.70000000          6.00000000          5.40000000         -1.95006667         -4.95679333          0.00000000          0.49857493          5.01254667         -0.01189541         -0.03023644        283.14900000          1.17882666          1.97393318          3.50128667          1.00541910         -0.63751100          0.82942799          0.22748400          0.22154200          0.64732333          0.00000000         -0.02037223         -0.04594300
          6.30000000          6.60000000          6.00000000         -1.92686000         -4.85316667          0.00000000          1.27710467          5.69935333         -0.01175385         -0.02960432        283.14900000          1.16725721          1.88257331          3.48554000          1.00061461         -0.66352613          0.80464040          0.23896000          0.21997267          0.63738533          0.00000000         -0.02541205         -0.05636213
          6.90000000          7.20000000          6.60000000         -1.90394667         -4.73708000         -0.00000000          1.25939533          6.38459333         -0.01161407         -0.02889619        283.14900000          1.16940709          1.81520641          3.43269333          0.99374580         -0.68494933          0.77909730          0.24635333          0.22265733          0.65732467          0.00000000         -0.02705753         -0.06602533
          7.50000000          7.80000000          7.20000000         -1.87231333         -4.60142000         -0.00000000          1.73936367          7.46181333         -0.01142111         -0.02806866        283.14900000          1.17600278          1.77520065          3.34882000          0.98497137         -0.70266947          0.75330128          0.25167000          0.22591733          0.68047467          0.00000000         -0.02858130         -0.07591347
          8.10000000          8.40000000          7.80000000         -1.83696667         -4.45074000          0.00000000          1.94422867          8.28694000         -0.01120550         -0.02714951        283.14900000          1.19920680          1.76871345          3.23704000          0.97333641         -0.71694400          0.72660695          0.25389000          0.22976600          0.71971533          0.00000000         -0.02949759         -0.08379733
          8.70000000          9.00000000          8.40000000         -1.79662667         -4.28982667         -0.00000000          2.21836067          8.85038000         -0.01095942         -0.02616794        283.14900000          1.22148595          1.76272050          3.10624667          0.95853703         -0.72817013          0.69877052          0.25561733          0.23295867          0.74630933          0.00000000         -0.03086097         -0.08913547
          9.30000000          9.60000000          9.00000000         -1.75760667         -4.11451333          0.00000000          2.14620667          9.64116667         -0.01072140         -0.02509853        283.14900000          1.25429881          1.77431336          2.95828000          0.94142814         -0.73701027          0.66951370          0.25627000          0.23629133          0.77030867          0.00000000         -0.03178453         -0.09406227
          9.90000000         10.20000000          9.60000000         -1.72420000         -3.92470000         -0.00000000          1.83678200         10.43979333         -0.01051762         -0.02394067        283.14900000          1.28419436          1.79092991          2.79626000          0.92227708         -0.74329447          0.63895863          0.25468333          0.24128400          0.79832667          0.00000000         -0.03139825         -0.09753847
         10.50000000         10.80000000         10.20000000         -1.69437333         -3.73266667         -0.00000000          1.64029287         10.56246667         -0.01033568         -0.02276927        283.14900000          1.31903234          1.81466622          2.62804667          0.90091843         -0.74613227          0.60727649          0.25194467          0.24802133          0.82134667          0.00000000         -0.03076691         -0.09808627
         11.10000000         11.40000000         10.80000000         -1.66824667         -3.54070667          0.00000000          1.43651400         10.55736667         -0.01017630         -0.02159831        283.14900000          1.35619973          1.81472963          2.45680667          0.87745537         -0.74689813          0.57508824          0.24640133          0.25862000          0.86052200          0.00000000         -0.02935597         -0.09625613
         11.70000000         12.00000000         11.40000000         -1.64488667         -3.34424667          0.00000000          1.28447733         10.80615333         -0.01003381         -0.02039990        283.14900000          1.39316119          1.80008090          2.28961333          0.85165613         -0.74650580          0.54278345          0.24155800          0.26489867          0.89761533          0.00000000         -0.02722520         -0.09388647
         12.30000000         12.60000000         12.00000000         -1.62022667         -3.15058667          0.00000000          1.35609267         10.65052667         -0.00988338         -0.01921858        283.14900000          1.42377888          1.77980366          2.13196667          0.82352998         -0.74430040          0.51046180          0.23762600          0.27298600          0.93733467          0.00000000         -0.02500202         -0.08962573
         12.90000000         13.20000000         12.60000000         -1.60293333         -2.96138000         -0.00000000          0.95166800         10.40708667         -0.00977789         -0.01806442        283.14900000          1.43708473          1.74686850          1.98116667          0.79220288         -0.74093000          0.47904338          0.23250333          0.28386133          0.98195200          0.00000000         -0.02140912         -0.08407000
         13.50000000         13.80000000         13.20000000         -1.59318667         -2.77836000          0.00000000          0.53497987         10.06582000         -0.00971844         -0.01694800        283.14900000          1.42920291          1.69578238          1.83834000          0.75633165         -0.73451607          0.44842754          0.22847200          0.29329600          1.00917533          0.00000000         -0.01678835         -0.07794073
         14.10000000         14.40000000         13.80000000         -1.59542667         -2.59491333         -0.00000000         -0.12378473         10.08959333         -0.00973210         -0.01582897        283.14900000          1.41347375          1.65003813          1.70204000          0.71542946         -0.72451687          0.41906428          0.22368933          0.30087267          1.03935600          0.00000000         -0.01164120         -0.07275487
         14.70000000         15.00000000         14.40000000         -1.60796000         -2.41692667          0.00000000         -0.68953200          9.79018000         -0.00980856         -0.01474325        283.14900000          1.37697797          1.59748549          1.57405333          0.67045387         -0.71114853          0.39030142          0.21960333          0.30880067          1.06760667          0.00000000         -0.00697013         -0.06766787
         15.30000000         15.60000000         15.00000000         -1.62658000         -2.24368667         -0.00000000         -1.02403187          9.52781333         -0.00992214         -0.01368649        283.14900000          1.31753750          1.54160348          1.45106333          0.62245481         -0.69333527          0.36166382          0.21635733          0.31083667          1.08885867          0.00000000         -0.00328319         -0.06227527
         15.90000000         16.20000000         15.60000000         -1.64359333         -2.07746667          0.00000000         -0.93635733          9.14246000         -0.01002592         -0.01267255        283.14900000          1.25416095          1.48341225          1.33547533          0.57213782         -0.67071107          0.33405168          0.21629133          0.30670467          1.08792267          0.00000000         -0.00138618         -0.05795240
         16.50000000         16.80000000         16.20000000         -1.66536000         -1.90404667         -0.00000000         -1.19694627          9.53766667         -0.01015870         -0.01161468        283.14900000          1.19708274          1.41467962          1.22563267          0.51946697         -0.64489940          0.30742290          0.21605933          0.30033000          1.07509333          0.00000000          0.00061230         -0.05636407
         17.10000000         17.40000000         16.80000000         -1.69313333         -1.72665333         -0.00000000         -1.52778267          9.75712667         -0.01032811         -0.01053259        283.14900000          1.11878618          1.34290160          1.12132333          0.46485501         -0.61618767          0.28149994          0.21436067          0.29799000          1.07396667          0.00000000          0.00237434         -0.05475100
         17.70000000         18.00000000         17.40000000         -1.72044000         -1.55387333          0.00000000         -1.50169333          9.50322667         -0.01049468         -0.00947863        283.14900000          1.02293954          1.26282433          1.02396667          0.40956949         -0.58423100          0.25629422          0.21301067          0.29668867          1.06394667          0.00000000          0.00364283         -0.05213167
         18.30000000         18.60000000         18.00000000         -1.74593333         -1.38569333         -0.00000000         -1.40186800          9.24964000         -0.01065019         -0.00845273        283.14900000          0.91563680          1.17918732          0.93451333          0.35510050         -0.54954413          0.23200020          0.21138200          0.29437800          1.06194333          0.00000000          0.00432783         -0.04825747
         18.90000000         19.20000000         18.60000000         -1.76461333         -1.22092600         -0.00000000         -1.02796533          9.06202000         -0.01076414         -0.00744765        283.14900000          0.80968645          1.09359970          0.85142200          0.30228606         -0.51264460          0.20881985          0.21041133          0.29019533          1.05595200          0.00000000          0.00428472         -0.04416260
         19.50000000         19.80000000         19.20000000         -1.77888667         -1.05579400          0.00000000         -0.78534473          9.08240667         -0.01085121         -0.00644034        283.14900000          0.70333556          0.99936570          0.77327333          0.25106695         -0.47396280          0.18685145          0.20982067          0.28286667          1.05075733          0.00000000          0.00404249         -0.04079947
         20.10000000         20.40000000         19.80000000         -1.78572000         -0.89635733          0.00000000         -0.37497800          8.76962667         -0.01089289         -0.00546778        283.14900000          0.60265741          0.89497820          0.69892067          0.20259463         -0.43414480          0.16622340          0.20814000          0.27760067          1.04942600          0.00000000          0.00359583         -0.03759880
         20.70000000         21.00000000         20.40000000         -1.78563333         -0.74485600          0.00000000          0.00506680          8.33223333         -0.01089236         -0.00454362        283.14900000          0.51068693          0.79693154          0.62908800          0.15840605         -0.39375327          0.14695568          0.20439667          0.27533400          1.05143333          0.00000000          0.00277518         -0.03403460
         21.30000000         21.60000000         21.00000000         -1.77629333         -0.60098600         -0.00000000          0.51386333          7.91276667         -0.01083539         -0.00366601        283.14900000          0.43015533          0.70373649          0.56474733          0.11946989         -0.35356233          0.12905037          0.19931000          0.27544467          1.05420000          0.00000000          0.00148529         -0.03030233
         21.90000000         22.20000000         21.60000000         -1.75811333         -0.46502267         -0.00000000          1.00084867          7.47782000         -0.01072449         -0.00283664        283.14900000          0.36063751          0.61819725          0.50579933          0.08601557         -0.31431307          0.11242503          0.19495133          0.27520733          1.06307733          0.00000000          0.00012011         -0.02667720
         22.50000000         22.80000000         22.20000000         -1.73274000         -0.33858333         -0.00000000          1.39523267          6.95415333         -0.01056971         -0.00206536        283.14900000          0.30293209          0.54073266          0.45164533          0.05789926         -0.27658783          0.09705090          0.18973267          0.27553067          1.06561800          0.00000000         -0.00129368         -0.02293683
         23.10000000         23.40000000         22.80000000         -1.69854000         -0.22262500         -0.00000000          1.88038800          6.37758000         -0.01036109         -0.00135801        283.14900000          0.25932187          0.46931778          0.40158400          0.03491641         -0.24088613          0.08292847          0.18470400          0.27373933          1.05886467          0.00000000         -0.00273679         -0.01954533
         23.70000000         24.00000000         23.40000000         -1.65467333         -0.11441462          0.00000000          2.41294533          5.95145333         -0.01009351         -0.00069793        283.14900000          0.22413616          0.39985696          0.35456920          0.01722626         -0.20755725          0.06989399          0.17867600          0.27023667          1.05367733          0.00000000         -0.00407845         -0.01670565
         24.30000000         24.60000000         24.00000000         -1.60500000         -0.01430990         -0.00000000          2.73234000          5.50558000         -0.00979050         -0.00008729        283.14900000          0.19423500          0.33548083          0.31077807          0.00391445         -0.17714521          0.05830921          0.17131533          0.26708667          1.05247667          0.00000000         -0.00481292         -0.01431835
         24.90000000         25.20000000         24.60000000         -1.55058667          0.08012245          0.00000000          2.99334000          5.19364000         -0.00945858          0.00048875        283.14900000          0.16817432          0.27240779          0.27076913         -0.00586679         -0.14976247          0.04819541          0.16319867          0.26528067          1.04564800          0.00000000         -0.00501270         -0.01233847
         25.50000000         25.80000000         25.20000000         -1.49078000          0.16632600         -0.00000000          3.28936667          4.74109333         -0.00909376          0.00101459        283.14900000          0.14308832          0.21754620          0.23450933         -0.01235680         -0.12549949          0.03936967          0.15813667          0.26256600          1.01368667          0.00000000         -0.00501855         -0.01056935
         26.10000000         26.40000000         25.80000000         -1.42828000          0.24228067         -0.00000000          3.43720000          4.17732667         -0.00871251          0.00147791        283.14900000          0.11966291          0.17400768          0.20132133         -0.01611925         -0.10437192          0.03159408          0.15590867          0.25718600          0.97043533          0.00000000         -0.00482269         -0.00871352
         26.70000000         27.00000000         26.40000000         -1.36410000          0.30716067         -0.00000000          3.53004000          3.56827333         -0.00832101          0.00187368        283.14900000          0.10007119          0.14093892          0.17102147         -0.01773279         -0.08614741          0.02475687          0.15440867          0.24875467          0.92094733          0.00000000         -0.00453942         -0.00694859
         27.30000000         27.60000000         27.00000000         -1.29898000          0.36419800         -0.00000000          3.58132000          3.13694000         -0.00792378          0.00222161        283.14900000          0.08489763          0.11403448          0.14391180         -0.01796968         -0.07058159          0.01889594          0.15401533          0.24234600          0.86435733          0.00000000         -0.00425242         -0.00567612
         27.90000000         28.20000000         27.60000000         -1.23294000          0.41414267         -0.00000000          3.63336667          2.74679333         -0.00752093          0.00252627        283.14900000          0.07137896          0.09419652          0.12002573         -0.01725011         -0.05778407          0.01377525          0.15201133          0.24017400          0.81914867          0.00000000         -0.00385606         -0.00465570
         28.50000000         28.80000000         28.20000000         -1.16618000          0.45675467         -0.00000000          3.67094667          2.34357333         -0.00711370          0.00278620        283.14900000          0.05933754          0.08087851          0.09920840         -0.01575279         -0.04764851          0.00879371          0.14976467          0.24334267          0.78695267          0.00000000         -0.00342049         -0.00364450
         29.10000000         29.40000000         28.80000000         -1.09970667          0.49207267         -0.00000000          3.65701333          1.94246667         -0.00670821          0.00300164        283.14900000          0.04916525          0.07045049          0.08139480         -0.01375943         -0.03995973          0.00310586          0.14731800          0.24728333          0.76726800          0.00000000         -0.00286927         -0.00270135
         29.70000000         30.00000000         29.40000000         -1.03484000          0.52065133         -0.00000000          3.56666000          1.57175333         -0.00631252          0.00317597        283.14900000          0.04137284          0.06218686          0.06664793         -0.01174694         -0.03425137         -0.00493492          0.14783167          0.24986067          0.73335133          0.00000000         -0.00241147         -0.00196368
         30.30000000         30.60000000         30.00000000         -0.97163800          0.54385000          0.00000000          3.47587333          1.27590667         -0.00592699          0.00331749        283.14900000          0.03532560          0.05591251          0.05454560         -0.00992968         -0.03004029         -0.01925859          0.14988200          0.25042067          0.68530467          0.00000000         -0.00207091         -0.00140237
         30.90000000         31.20000000         30.60000000         -0.91054800          0.56201867         -0.00000000          3.36023333          0.99921933         -0.00555434          0.00342831        283.14900000          0.03071901          0.05105902          0.04466868         -0.00835632         -0.02703665         -0.04842590          0.15064867          0.25129067          0.64943000          0.00000000         -0.00178044         -0.00095421
         31.50000000         31.80000000         31.20000000         -0.85159067          0.57552267         -0.00000000          3.24260000          0.74273933         -0.00519470          0.00351069        283.14940000          0.02733067          0.04687833          0.03660879         -0.00702120         -0.02495351         -0.11208915          0.15201667          0.25322867          0.61130800          0.00000000         -0.00152955         -0.00062940
         32.10000000         32.40000000         31.80000000         -0.79485667          0.58482867          0.00000000          3.12032667          0.51186933         -0.00484863          0.00356745        283.15160000          0.02464288          0.04285876          0.03005217         -0.00593312         -0.02331483         -0.24902849          0.15452733          0.25619267          0.57157267          0.00000000         -0.00134011         -0.00041786
         32.70000000         33.00000000         32.40000000         -0.74021600          0.59055333         -0.00000000          3.00522667          0.31488127         -0.00451532          0.00360238        283.15200000          0.02189561          0.03884276          0.02479108         -0.00506698         -0.02165489         -0.50612438          0.15730133          0.26052267          0.53416733          0.00000000         -0.00119578         -0.00027708
         33.30000000         33.60000000         33.00000000         -0.68763933          0.59357867          0.00000000          2.89170667          0.16642165         -0.00419460          0.00362083        283.15500000          0.01877615          0.03473037          0.02069719         -0.00436524         -0.01983707         -0.87420266          0.15932933          0.26699333          0.50284933          0.00000000         -0.00107246         -0.00018585
         33.90000000         34.20000000         33.60000000         -0.63719600          0.59500867         -0.00000000          2.77438667          0.07861793         -0.00388690          0.00362955        283.15960000          0.01552459          0.03064202          0.01756931         -0.00377822         -0.01793289         -1.20654179          0.16122667          0.27459800          0.47771200          0.00000000         -0.00096027         -0.00012567
         34.50000000         34.80000000         34.20000000         -0.58881000          0.59545400          0.00000000          2.66120000          0.02459453         -0.00359174          0.00363227        283.16400000          0.01254478          0.02677053          0.01516025         -0.00327386         -0.01604904         -1.36087846          0.16313333          0.28228733          0.46175600          0.00000000         -0.00084876         -0.00007962
         35.10000000         35.40000000         34.80000000         -0.54241600          0.59478200         -0.00000000          2.55173333         -0.03699492         -0.00330874          0.00362817        283.17000000          0.01009022          0.02325904          0.01326881         -0.00285210         -0.01427917         -1.36778303          0.16600667          0.28964667          0.44516400          0.00000000         -0.00075193         -0.00004480
         35.70000000         36.00000000         35.40000000         -0.49798133          0.59264067          0.00000000          2.44395333         -0.11773475         -0.00303769          0.00361511        283.17600000          0.00819126          0.02021971          0.01175375         -0.00251463         -0.01268080         -1.31366415          0.17014333          0.29741933          0.42409133          0.00000000         -0.00067925         -0.00001853
         36.30000000         36.60000000         36.00000000         -0.45546200          0.58888800          0.00000000          2.33854000         -0.20633253         -0.00277832          0.00359222        283.18200000          0.00674903          0.01766759          0.01051725         -0.00224331         -0.01127680         -1.24294372          0.17417133          0.30653867          0.40806733          0.00000000         -0.00062172          0.00000769
         36.90000000         37.20000000         36.60000000         -0.41482467          0.58357067          0.00000000          2.23503333         -0.29252467         -0.00253043          0.00355978        283.18800000          0.00566183          0.01554594          0.00948519         -0.00201518         -0.01006221         -1.17107707          0.17728800          0.31648133          0.40067000          0.00000000         -0.00057108          0.00003614
         37.50000000         37.80000000         37.20000000         -0.37604200          0.57681333         -0.00000000          2.13308000         -0.37166000         -0.00229386          0.00351856        283.19400000          0.00482641          0.01377238          0.00860055         -0.00181491         -0.00901550         -1.10422975          0.17948000          0.32724933          0.39954533          0.00000000         -0.00052479          0.00006246
         38.10000000         38.40000000         37.80000000         -0.33908200          0.56876133         -0.00000000          2.03282667         -0.44279533         -0.00206840          0.00346944        283.20000000          0.00416493          0.01227588          0.00782585         -0.00163418         -0.00810793         -1.04439240          0.18103733          0.33890267          0.40219600          0.00000000         -0.00048168          0.00008416
         38.70000000         39.00000000         38.40000000         -0.30391400          0.55955467          0.00000000          1.93417333         -0.50631267         -0.00185388          0.00341328        283.20600000          0.00363055          0.01099324          0.00713809         -0.00146842         -0.00731396         -0.98893154          0.18210067          0.35133667          0.40753667          0.00000000         -0.00044041          0.00010015
         39.30000000         39.60000000         39.00000000         -0.27050800          0.54932400          0.00000000          1.83730667         -0.56269600         -0.00165010          0.00335088        283.21200000          0.00319409          0.00988181          0.00652217         -0.00131582         -0.00661339         -0.93741898          0.18279267          0.36436133          0.41489733          0.00000000         -0.00040096          0.00011171
         39.90000000         40.20000000         39.60000000         -0.23883067          0.53818600          0.00000000          1.74231333         -0.61258800         -0.00145687          0.00328293        283.21800000          0.00283051          0.00891516          0.00596735         -0.00117558         -0.00599186         -0.88889518          0.18317400          0.37791267          0.42375133          0.00000000         -0.00036353          0.00011992
         40.50000000         40.80000000         40.20000000         -0.20884333          0.52625000          0.00000000          1.64934667         -0.65648133         -0.00127394          0.00321013        283.22400000          0.00252620          0.00806760          0.00546539         -0.00104697         -0.00543844         -0.84246370          0.18326600          0.39202133          0.43367067          0.00000000         -0.00032808          0.00012527
         41.10000000         41.40000000         40.80000000         -0.18050733          0.51361867          0.00000000          1.55844667         -0.69476600         -0.00110109          0.00313307        283.23000000          0.00226930          0.00731853          0.00501006         -0.00092970         -0.00494423         -0.79816298          0.18315467          0.40643867          0.44426000          0.00000000         -0.00029494          0.00012828
         41.70000000         42.00000000         41.40000000         -0.15378400          0.50038600          0.00000000          1.46976000         -0.72779867         -0.00093808          0.00305235        283.23600000          0.00204935          0.00665518          0.00459602         -0.00082345         -0.00450167         -0.75637515          0.18293467          0.42091267          0.45525000          0.00000000         -0.00026453          0.00012956
         42.30000000         42.60000000         42.00000000         -0.12862967          0.48663933         -0.00000000          1.38344000         -0.75596200         -0.00078464          0.00296850        283.24200000          0.00185981          0.00606616          0.00421899         -0.00072744         -0.00410456         -0.71688749          0.18263667          0.43538733          0.46647867          0.00000000         -0.00023672          0.00012937
         42.90000000         43.20000000         42.60000000         -0.10500427          0.47246533          0.00000000          1.29946667         -0.77953733         -0.00064053          0.00288204        283.24800000          0.00169418          0.00553784          0.00387518         -0.00064112         -0.00374740         -0.68007842          0.18236133          0.44954867          0.47783867          0.00000000         -0.00021160          0.00012802
         43.50000000         43.80000000         43.20000000         -0.08285727          0.45794133          0.00000000          1.21806000         -0.79887267         -0.00050543          0.00279344        283.25400000          0.00154896          0.00506174          0.00356130         -0.00056348         -0.00342545         -0.64551570          0.18207733          0.46356200          0.48926667          0.00000000         -0.00018879          0.00012573
         44.10000000         44.40000000         43.80000000         -0.06214533          0.44313800          0.00000000          1.13918000         -0.81422533         -0.00037909          0.00270314        283.26000000          0.00142012          0.00463405          0.00327459         -0.00049377         -0.00313475         -0.61294991          0.18179600          0.47737133          0.50073533          0.00000000         -0.00016812          0.00012266
         44.70000000         45.00000000         44.40000000         -0.04282000          0.42812000         -0.00000000          1.06291000         -0.82590533         -0.00026120          0.00261153        283.26600000          0.00130491          0.00424993          0.00301252         -0.00043120         -0.00287181         -0.58210390          0.18148800          0.49114133          0.51220667          0.00000000         -0.00014937          0.00011896
         45.30000000         45.60000000         45.00000000         -0.02483388          0.41295333         -0.00000000          0.98924267         -0.83414400         -0.00015149          0.00251902        283.27200000          0.00120107          0.00390021          0.00277285         -0.00037516         -0.00263352         -0.55298653          0.18117933          0.50474133          0.52365467          0.00000000         -0.00013242          0.00011484
         45.90000000         46.20000000         45.60000000         -0.00813905          0.39769533          0.00000000          0.91822467         -0.83919667         -0.00004965          0.00242594        283.27800000          0.00110678          0.00358309          0.00255357         -0.00032506         -0.00241728         -0.52548777          0.18087200          0.51819400          0.53504267          0.00000000         -0.00011713          0.00011037
         46.50000000         46.80000000         46.20000000          0.00731289          0.38240000          0.00000000          0.84986133         -0.84131067          0.00004461          0.00233264        283.28400000          0.00102064          0.00329424          0.00235287         -0.00028037         -0.00222076         -0.49962580          0.18058333          0.53141333          0.54637333          0.00000000         -0.00010338          0.00010566
         47.10000000         47.40000000         46.80000000          0.02157010          0.36711400          0.00000000          0.78415333         -0.84069733          0.00013158          0.00223940        283.29000000          0.00094151          0.00303264          0.00216914         -0.00024053         -0.00204188         -0.47532520          0.18031400          0.54438267          0.55761933          0.00000000         -0.00009101          0.00010085
         47.70000000         48.00000000         47.40000000          0.03468083          0.35188467         -0.00000000          0.72109600         -0.83758067          0.00021155          0.00214650        283.29600000          0.00086850          0.00279451          0.00200087         -0.00020505         -0.00187888         -0.45238851          0.18005067          0.55714800          0.56878267          0.00000000         -0.00007987          0.00009598
         48.30000000         48.60000000         48.00000000          0.04669287          0.33675400          0.00000000          0.66067133         -0.83216000          0.00028483          0.00205420        283.30200000          0.00080090          0.00257674          0.00184678         -0.00017353         -0.00173017         -0.43076640          0.17981067          0.56962867          0.57984400          0.00000000         -0.00006987          0.00009111
         48.90000000         49.20000000         48.60000000          0.05765393          0.32176067          0.00000000          0.60286600         -0.82463800          0.00035169          0.00196274        283.30800000          0.00073817          0.00237607          0.00170562         -0.00014555         -0.00159439         -0.41029857          0.17957733          0.58191800          0.59079200          0.00000000         -0.00006089          0.00008627
         49.50000000         49.80000000         49.20000000          0.06761107          0.30693867          0.00000000          0.54764733         -0.81519267          0.00041243          0.00187233        283.31400000          0.00067988          0.00219392          0.00157629         -0.00012078         -0.00147031         -0.39097516          0.17935867          0.59392533          0.60161533          0.00000000         -0.00005284          0.00008151
         50.10000000         50.40000000         49.80000000          0.07661067          0.29232067          0.00000000          0.49498733         -0.80400733          0.00046733          0.00178316        283.32000000          0.00062554          0.00202643          0.00145778         -0.00009889         -0.00135683         -0.37266129          0.17914600          0.60573333          0.61230200          0.00000000         -0.00004564          0.00007684
         50.70000000         51.00000000         50.40000000          0.08469887          0.27793333          0.00000000          0.44484400         -0.79124867          0.00051666          0.00169539        283.32600000          0.00057509          0.00187320          0.00134916         -0.00007961         -0.00125292         -0.35537415          0.17894800          0.61725400          0.62283733          0.00000000         -0.00003921          0.00007230
         51.30000000         51.60000000         51.00000000          0.09192007          0.26380533          0.00000000          0.39717933         -0.77707400          0.00056071          0.00160921        283.33200000          0.00052805          0.00173161          0.00124962         -0.00006266         -0.00115774         -0.33903404          0.17876067          0.62850600          0.63321667          0.00000000         -0.00003347          0.00006792
         51.90000000         52.20000000         51.60000000          0.09831960          0.24995733         -0.00000000          0.35194800         -0.76163933          0.00059975          0.00152474        283.33800000          0.00048418          0.00160186          0.00115835         -0.00004781         -0.00107044         -0.32363000          0.17859000          0.63943667          0.64343000          0.00000000         -0.00002837          0.00006371
         52.50000000         52.80000000         52.20000000          0.10393860          0.23641000          0.00000000          0.30909733         -0.74508667          0.00063403          0.00144210        283.34400000          0.00044363          0.00148238          0.00107469         -0.00003484         -0.00099035         -0.30908871          0.17843533          0.65005267          0.65347400          0.00000000         -0.00002385          0.00005967
         53.10000000         53.40000000         52.80000000          0.10882327          0.22318200         -0.00000000          0.26857800         -0.72754933          0.00066382          0.00136141        283.35000000          0.00040544          0.00137226          0.00099795         -0.00002356         -0.00091680         -0.29534294          0.17829133          0.66037200          0.66334467          0.00000000         -0.00001983          0.00005581
         53.70000000         54.00000000         53.40000000          0.11301020          0.21028733          0.00000000          0.23033067         -0.70915867          0.00068936          0.00128275        283.35600000          0.00037067          0.00127097          0.00092755         -0.00001378         -0.00084923         -0.28231728          0.17815533          0.67042933          0.67304133          0.00000000         -0.00001628          0.00005213
         54.30000000         54.60000000         54.00000000          0.11654113          0.19774200          0.00000000          0.19429667         -0.69003533          0.00071090          0.00120623        283.36200000          0.00033852          0.00117657          0.00086296         -0.00000535         -0.00078710         -0.26995229          0.17802467          0.68024400          0.68255600          0.00000000         -0.00001314          0.00004862
         54.90000000         55.20000000         54.60000000          0.11945800          0.18555333          0.00000000          0.16041533         -0.67029267          0.00072869          0.00113188        283.36800000          0.00030852          0.00109049          0.00080367          0.00000189         -0.00072993         -0.25820068          0.17790067          0.68982533          0.69189000          0.00000000         -0.00001037          0.00004527
         55.50000000         55.80000000         55.20000000          0.12179733          0.17373667          0.00000000          0.12862800         -0.65003667          0.00074296          0.00105979        283.37400000          0.00028054          0.00100930          0.00074923          0.00000805         -0.00067728         -0.24702710          0.17777800          0.69918667          0.70104133          0.00000000         -0.00000795          0.00004209
         56.10000000         56.40000000         55.80000000          0.12359533          0.16229333          0.00000000          0.09886767         -0.62936733          0.00075393          0.00098999        283.38000000          0.00025479          0.00093507          0.00069922          0.00001326         -0.00062877         -0.23639793          0.17765800          0.70833667          0.71000533          0.00000000         -0.00000583          0.00003908
         56.70000000         57.00000000         56.40000000          0.12488733          0.15123067         -0.00000000          0.07106993         -0.60837933          0.00076181          0.00092251        283.38600000          0.00023122          0.00086655          0.00065325          0.00001762         -0.00058403         -0.22628036          0.17754067          0.71727467          0.71878467          0.00000000         -0.00000398          0.00003623
         57.30000000         57.60000000         57.00000000          0.12570800          0.14055667          0.00000000          0.04516811         -0.58716267          0.00076682          0.00085740        283.39200000          0.00021003          0.00080216          0.00061097          0.00002122         -0.00054271         -0.21664649          0.17742400          0.72600867          0.72738000          0.00000000         -0.00000238          0.00003354
         57.90000000         58.20000000         57.60000000          0.12609200          0.13026867          0.00000000          0.02109666         -0.56579400          0.00076916          0.00079464        283.39800000          0.00018987          0.00074314          0.00057207          0.00002416         -0.00050453         -0.20746797          0.17731067          0.73454267          0.73578600          0.00000000         -0.00000100          0.00003100
         58.50000000         58.80000000         58.20000000          0.12606933          0.12037067         -0.00000000         -0.00121223         -0.54435067          0.00076902          0.00073426        283.40400000          0.00017172          0.00068844          0.00053624          0.00002650         -0.00046920         -0.19872393          0.17719600          0.74287467          0.74400667          0.00000000          0.00000018          0.00002861
         59.10000000         59.40000000         58.80000000          0.12567200          0.11086487          0.00000000         -0.02182549         -0.52290333          0.00076660          0.00067628        283.41000000          0.00015522          0.00063705          0.00050319          0.00002833         -0.00043650         -0.19038707          0.17708600          0.75101067          0.75204067          0.00000000          0.00000118          0.00002637
         59.70000000         60.00000000         59.40000000          0.12493000          0.10174547          0.00000000         -0.04081009         -0.50151800          0.00076207          0.00062065        283.41600000          0.00014016          0.00058987          0.00047270          0.00002969         -0.00040617         -0.18243841          0.17697733          0.75895067          0.75989133          0.00000000          0.00000202          0.00002427
         60.30000000         60.60000000         60.00000000          0.12387000          0.09301307          0.00000000         -0.05823313         -0.48025133          0.00075561          0.00056738        283.42200000          0.00012676          0.00054597          0.00044452          0.00003065         -0.00037802         -0.17485917          0.17686933          0.76669800          0.76755333          0.00000000          0.00000273          0.00002230
         60.90000000         61.20000000         60.60000000          0.12252200          0.08466520          0.00000000         -0.07416080         -0.45915867          0.00074738          0.00051646        283.42800000          0.00011423          0.00050500          0.00041844          0.00003125         -0.00035186         -0.16762403          0.17676200          0.77425333          0.77503133          0.00000000          0.00000331          0.00002046
         61.50000000         61.80000000         61.20000000          0.12091067          0.07669600          0.00000000         -0.08865913         -0.43829400          0.00073756          0.00046785        283.43400000          0.00010274          0.00046710          0.00039428          0.00003155         -0.00032753         -0.16072125          0.17665867          0.78161933          0.78232733          0.00000000          0.00000377          0.00001874
         62.10000000         62.40000000         61.80000000          0.11905867          0.06910153         -0.00000000         -0.10179333         -0.41769800          0.00072626          0.00042152        283.44000000          0.00009270          0.00043186          0.00037185          0.00003157         -0.00030485         -0.15412865          0.17655600          0.78879733          0.78944133          0.00000000          0.00000415          0.00001714
         62.70000000         63.00000000         62.40000000          0.11699400          0.06187607         -0.00000000         -0.11362920         -0.39741333          0.00071366          0.00037744        283.44600000          0.00008327          0.00039915          0.00035098          0.00003137         -0.00028371         -0.14782722          0.17645400          0.79578800          0.79637200          0.00000000          0.00000443          0.00001565
         63.30000000         63.60000000         63.00000000          0.11473533          0.05501267         -0.00000000         -0.12422727         -0.37747733          0.00069989          0.00033558        283.45200000          0.00007494          0.00036884          0.00033154          0.00003095         -0.00026396         -0.14180835          0.17635400          0.80259400          0.80312333          0.00000000          0.00000465          0.00001427
         63.90000000         64.20000000         63.60000000          0.11230467          0.04850500         -0.00000000         -0.13365067         -0.35792533          0.00068506          0.00029588        283.45800000          0.00006786          0.00034075          0.00031339          0.00003037         -0.00024550         -0.13605543          0.17625733          0.80921667          0.80969733          0.00000000          0.00000479          0.00001299
         64.50000000         64.80000000         64.20000000          0.10972400          0.04234553         -0.00000000         -0.14196067         -0.33878200          0.00066932          0.00025831        283.46400000          0.00006104          0.00031472          0.00029639          0.00002964         -0.00022822         -0.13055063          0.17616133          0.81565800          0.81609333          0.00000000          0.00000488          0.00001181
         65.10000000         65.40000000         64.80000000          0.10701133          0.03652580         -0.00000000         -0.14921733         -0.32007800          0.00065277          0.00022281        283.47000000          0.00005537          0.00029065          0.00028044          0.00002879         -0.00021203         -0.12528517          0.17606733          0.82192133          0.82231467          0.00000000          0.00000492          0.00001071
         65.70000000         66.00000000         65.40000000          0.10418200          0.03103807          0.00000000         -0.15547800         -0.30183333          0.00063551          0.00018933        283.47600000          0.00005058          0.00026838          0.00026544          0.00002783         -0.00019685         -0.12024515          0.17597467          0.82800867          0.82836267          0.00000000          0.00000492          0.00000970
         66.30000000         66.60000000         66.00000000          0.10126020          0.02587307         -0.00000000         -0.16079933         -0.28407200          0.00061769          0.00015783        283.48200000          0.00004555          0.00024785          0.00025129          0.00002678         -0.00018260         -0.11541952          0.17588667          0.83392000          0.83423733          0.00000000          0.00000489          0.00000876
         66.90000000         67.20000000         66.60000000          0.09825553          0.02102200          0.00000000         -0.16523800         -0.26680333          0.00059936          0.00012823        283.48800000          0.00004174          0.00022892          0.00023790          0.00002567         -0.00016921         -0.11079742          0.17580067          0.83965733          0.83994333          0.00000000          0.00000482          0.00000790
         67.50000000         67.80000000         67.20000000          0.09518553          0.01647575         -0.00000000         -0.16884733         -0.25004867          0.00058063          0.00010050        283.49400000          0.00003826          0.00021150          0.00022521          0.00002451         -0.00015663         -0.10636933          0.17571333          0.84522600          0.84548333          0.00000000          0.00000473          0.00000711
         68.10000000         68.40000000         67.80000000          0.09206413          0.01222462          0.00000000         -0.17167800         -0.23381600          0.00056159          0.00007457        283.50000000          0.00003526          0.00019550          0.00021315          0.00002331         -0.00014479         -0.10212521          0.17563200          0.85062467          0.85085667          0.00000000          0.00000462          0.00000639
         68.70000000         69.00000000         68.40000000          0.08890433          0.00825894          0.00000000         -0.17378467         -0.21811267          0.00054232          0.00005038        283.50600000          0.00003271          0.00018084          0.00020165          0.00002208         -0.00013366         -0.09805638          0.17554867          0.85585733          0.85606533          0.00000000          0.00000449          0.00000572
         69.30000000         69.60000000         69.00000000          0.08571860          0.00456905         -0.00000000         -0.17520867         -0.20294800          0.00052288          0.00002787        283.51200000          0.00003054          0.00016744          0.00019066          0.00002083         -0.00012318         -0.09415491          0.17547067          0.86092867          0.86111533          0.00000000          0.00000435          0.00000511
         69.90000000         70.20000000         69.60000000          0.08251853          0.00114494         -0.00000000         -0.17600400         -0.18832800          0.00050336          0.00000698        283.51800000          0.00002871          0.00015523          0.00018014          0.00001958         -0.00011332         -0.09041235          0.17539333          0.86583667          0.86600400          0.00000000          0.00000419          0.00000456
         70.50000000         70.80000000         70.20000000          0.07931473         -0.00202322         -0.00000000         -0.17621200         -0.17425133          0.00048382         -0.00001234        283.52400000          0.00002716          0.00014413          0.00017004          0.00001833         -0.00010405         -0.08682212          0.17531733          0.87058733          0.87073667          0.00000000          0.00000403          0.00000405
         71.10000000         71.40000000         70.80000000          0.07611693         -0.00494534         -0.00000000         -0.17587933         -0.16072000          0.00046431         -0.00003017        283.53000000          0.00002593          0.00013408          0.00016032          0.00001710         -0.00009533         -0.08337706          0.17524533          0.87518133          0.87531600          0.00000000          0.00000387          0.00000359
         71.70000000         72.00000000         71.40000000          0.07293427         -0.00763144         -0.00000000         -0.17504933         -0.14773467          0.00044490         -0.00004655        283.53600000          0.00002495          0.00012501          0.00015096          0.00001588         -0.00008713         -0.08007039          0.17517467          0.87962133          0.87974400          0.00000000          0.00000370          0.00000317
         72.30000000         72.60000000         72.00000000          0.06977480         -0.01009124          0.00000000         -0.17375600         -0.13529067          0.00042563         -0.00006156        283.54200000          0.00002422          0.00011687          0.00014193          0.00001469         -0.00007944         -0.07689676          0.17510600          0.88391133          0.88402067          0.00000000          0.00000353          0.00000279
         72.90000000         73.20000000         72.60000000          0.06664680         -0.01233473         -0.00000000         -0.17204400         -0.12338600          0.00040655         -0.00007524        283.54800000          0.00002362          0.00010958          0.00013321          0.00001352         -0.00007222         -0.07385011          0.17503933          0.88805267          0.88815200          0.00000000          0.00000336          0.00000244
         73.50000000         73.80000000         73.20000000          0.06355680         -0.01437117          0.00000000         -0.16994933         -0.11201707          0.00038770         -0.00008766        283.55400000          0.00002324          0.00010311          0.00012477          0.00001240         -0.00006547         -0.07092523          0.17497667          0.89204867          0.89213933          0.00000000          0.00000319          0.00000213
         74.10000000         74.40000000         73.80000000          0.06051127         -0.01621067         -0.00000000         -0.16750267         -0.10117293          0.00036912         -0.00009889        283.56000000          0.00002301          0.00009739          0.00011661          0.00001131         -0.00005915         -0.06811735          0.17491467          0.89590333          0.89598400          0.00000000          0.00000302          0.00000185
         74.70000000         75.00000000         74.40000000          0.05751613         -0.01786260          0.00000000         -0.16474533         -0.09084787          0.00035085         -0.00010896        283.56600000          0.00002287          0.00009236          0.00010871          0.00001027         -0.00005326         -0.06542153          0.17485333          0.89961467          0.89969067          0.00000000          0.00000286          0.00000159
         75.30000000         75.60000000         75.00000000          0.05457600         -0.01933580          0.00000000         -0.16170200         -0.08103433          0.00033291         -0.00011795        283.57200000          0.00002289          0.00008798          0.00010107          0.00000928         -0.00004777         -0.06283403          0.17479600          0.90319067          0.90326067          0.00000000          0.00000270          0.00000136
         75.90000000         76.20000000         75.60000000          0.05169567         -0.02063993          0.00000000         -0.15840800         -0.07172233          0.00031534         -0.00012590        283.57800000          0.00002306          0.00008420          0.00009367          0.00000833         -0.00004268         -0.06035055          0.17474000          0.90663067          0.90669667          0.00000000          0.00000254          0.00000116
         76.50000000         76.80000000         76.20000000          0.04887960         -0.02178340          0.00000000         -0.15489267         -0.06290167          0.00029817         -0.00013288        283.58400000          0.00002322          0.00008098          0.00008651          0.00000744         -0.00003796         -0.05796729          0.17468533          0.90994200          0.91000267          0.00000000          0.00000239          0.00000097
         77.10000000         77.40000000         76.80000000          0.04613073         -0.02277560          0.00000000         -0.15117867         -0.05456140          0.00028140         -0.00013893        283.59000000          0.00002353          0.00007824          0.00007960          0.00000661         -0.00003361         -0.05568078          0.17463333          0.91312333          0.91318067          0.00000000          0.00000225          0.00000081
         77.70000000         78.00000000         77.40000000          0.04345273         -0.02362440         -0.00000000         -0.14729467         -0.04669020          0.00026506         -0.00014411        283.59600000          0.00002383          0.00007597          0.00007294          0.00000583         -0.00002961         -0.05348824          0.17458400          0.91617800          0.91623733          0.00000000          0.00000211          0.00000066
         78.30000000         78.60000000         78.00000000          0.04084787         -0.02433840         -0.00000000         -0.14326733         -0.03927633          0.00024917         -0.00014846        283.60200000          0.00002422          0.00007411          0.00006652          0.00000511         -0.00002594         -0.05138633          0.17453733          0.91911067          0.91916933          0.00000000          0.00000197          0.00000053
         78.90000000         79.20000000         78.60000000          0.03831840         -0.02492587          0.00000000         -0.13911800         -0.03230673          0.00023374         -0.00015205        283.60800000          0.00002463          0.00007261          0.00006035          0.00000444         -0.00002260         -0.04937243          0.17448867          0.92192400          0.92198133          0.00000000          0.00000184          0.00000042
         79.50000000         79.80000000         79.20000000          0.03586647         -0.02539427          0.00000000         -0.13486600         -0.02576887          0.00021879         -0.00015491        283.61400000          0.00002505          0.00007144          0.00005444          0.00000383         -0.00001957         -0.04744383          0.17444467          0.92462133          0.92468000          0.00000000          0.00000172          0.00000032
         80.10000000         80.40000000         79.80000000          0.03349280         -0.02575160         -0.00000000         -0.13053467         -0.01964994          0.00020431         -0.00015708        283.62000000          0.00002553          0.00007055          0.00004879          0.00000328         -0.00001683         -0.04559851          0.17440200          0.92720333          0.92726467          0.00000000          0.00000160          0.00000023
         80.70000000         81.00000000         80.40000000          0.03119947         -0.02600493          0.00000000         -0.12614133         -0.01393587          0.00019032         -0.00015863        283.62600000          0.00002597          0.00006991          0.00004341          0.00000278         -0.00001438         -0.04383342          0.17436133          0.92967600          0.92973933          0.00000000          0.00000149          0.00000015
         81.30000000         81.60000000         81.00000000          0.02898660         -0.02616133         -0.00000000         -0.12170467         -0.00861333          0.00017682         -0.00015958        283.63200000          0.00002642          0.00006948          0.00003830          0.00000234         -0.00001219         -0.04214702          0.17432133          0.93204067          0.93210800          0.00000000          0.00000139          0.00000009
         81.90000000         82.20000000         81.60000000          0.02685513         -0.02622820         -0.00000000         -0.11723933         -0.00366868          0.00016382         -0.00015999        283.63800000          0.00002684          0.00006919          0.00003349          0.00000195         -0.00001025         -0.04053711          0.17428267          0.93429933          0.93437000          0.00000000          0.00000129          0.00000003
         82.50000000         82.80000000         82.20000000          0.02480467         -0.02621153          0.00000000         -0.11276667          0.00091204          0.00015131         -0.00015989        283.64400000          0.00002727          0.00006905          0.00002896          0.00000161         -0.00000854         -0.03900140          0.17424733          0.93645533          0.93653200          0.00000000          0.00000120         -0.00000002
         83.10000000         83.40000000         82.80000000          0.02283573         -0.02611807         -0.00000000         -0.10829267          0.00514273          0.00013930         -0.00015932        283.65000000          0.00002766          0.00006899          0.00002474          0.00000132         -0.00000705         -0.03753824          0.17421267          0.93850867          0.93859133          0.00000000          0.00000111         -0.00000007
         83.70000000         84.00000000         83.40000000          0.02094800         -0.02595367         -0.00000000         -0.10383467          0.00903749          0.00012778         -0.00015832        283.65600000          0.00002801          0.00006900          0.00002083          0.00000107         -0.00000575         -0.03614483          0.17418000          0.94046333          0.94055333          0.00000000          0.00000102         -0.00000010
         84.30000000         84.60000000         84.00000000          0.01914040         -0.02572447          0.00000000         -0.09940660          0.01260995          0.00011676         -0.00015692        283.66200000          0.00002834          0.00006902          0.00001724          0.00000086         -0.00000464         -0.03481951          0.17414600          0.94232067          0.94241933          0.00000000          0.00000095         -0.00000013
         84.90000000         85.20000000         84.60000000          0.01741287         -0.02543593         -0.00000000         -0.09501573          0.01587399          0.00010622         -0.00015516        283.66800000          0.00002861          0.00006904          0.00001397          0.00000070         -0.00000369         -0.03355921          0.17411867          0.94408333          0.94418867          0.00000000          0.00000087         -0.00000016
         85.50000000         85.80000000         85.20000000          0.01576420         -0.02509320          0.00000000         -0.09067447          0.01884360          0.00009616         -0.00015307        283.67400000          0.00002882          0.00006903          0.00001104          0.00000056         -0.00000288         -0.03236171          0.17408800          0.94575133          0.94586667          0.00000000          0.00000081         -0.00000018
         86.10000000         86.40000000         85.80000000          0.01419353         -0.02470173         -0.00000000         -0.08639147          0.02153240          0.00008658         -0.00015068        283.68000000          0.00002898          0.00006894          0.00000844          0.00000046         -0.00000221         -0.03122353          0.17406133          0.94732600          0.94745667          0.00000000          0.00000074         -0.00000020
         86.70000000         87.00000000         86.40000000          0.01269940         -0.02426613          0.00000000         -0.08217527          0.02395360          0.00007747         -0.00014802        283.68600000          0.00002907          0.00006877          0.00000619          0.00000039         -0.00000164         -0.03014115          0.17403533          0.94881667          0.94896000          0.00000000          0.00000068         -0.00000021
         87.30000000         87.60000000         87.00000000          0.01128063         -0.02379113          0.00000000         -0.07803333          0.02612073          0.00006881         -0.00014513        283.69200000          0.00002910          0.00006849          0.00000429          0.00000034         -0.00000119         -0.02911002          0.17400933          0.95023067          0.95038867          0.00000000          0.00000063         -0.00000022
         87.90000000         88.20000000         87.60000000          0.00993576         -0.02328120         -0.00000000         -0.07397247          0.02804620          0.00006061         -0.00014202        283.69800000          0.00002906          0.00006812          0.00000274          0.00000031         -0.00000082         -0.02812516          0.17398667          0.95158133          0.95175667          0.00000000          0.00000057         -0.00000023
         88.50000000         88.80000000         88.20000000          0.00866294         -0.02274053          0.00000000         -0.06999853          0.02974267          0.00005284         -0.00013872        283.70400000          0.00002896          0.00006766          0.00000153          0.00000030         -0.00000055         -0.02717950          0.17396133          0.95290467          0.95309333          0.00000000          0.00000053         -0.00000023
         89.10000000         89.40000000         88.80000000          0.00746098         -0.02217273          0.00000000         -0.06611220          0.03121787          0.00004551         -0.00013525        283.71000000          0.00002883          0.00006720          0.00000068          0.00000032         -0.00000037         -0.02625630          0.17394000          0.95423867          0.95443667          0.00000000          0.00000048         -0.00000023
         89.70000000         90.00000000         89.40000000          0.00633699         -0.02158747         -0.00000000         -0.06181833          0.03218793          0.00003866         -0.00013168        283.71600000          0.00002866          0.00006682          0.00000017          0.00000034         -0.00000027         -0.02466533          0.17390800          0.95624333          0.95643800          0.00000000          0.00000043         -0.00000023
